Time,TimeCumulative,TrainObj,TrainBest,TestObj,TestBest
15.857986835,15.857986835,4098.570980226514,4098.570980226514,1.1160092530652924e8,1.1160092530652924e8
14.635410567,30.493397402,3853.6849081709906,3853.6849081709906,1.149368620205103e8,1.149368620205103e8
15.229738915,45.723136317,3854.1537508799365,3853.6849081709906,1.1528104078586859e8,1.149368620205103e8
15.210602293,60.93373861,3850.557339794241,3850.557339794241,1.165642568944763e8,1.165642568944763e8
14.999395715,75.933134325,4274.02894272556,3850.557339794241,1.211072440575192e8,1.165642568944763e8
15.15394193,91.087076255,4270.99294516864,3850.557339794241,1.210009062212136e8,1.165642568944763e8
15.959507817,107.046584072,3826.3719641190605,3826.3719641190605,1.1437611615246607e8,1.1437611615246607e8
15.589874381,122.636458453,4283.639545182139,3826.3719641190605,1.2284729187400864e8,1.1437611615246607e8
15.312954727,137.94941318,4077.9941201935194,3826.3719641190605,1.1670491473582639e8,1.1437611615246607e8
15.797025409,153.74643858899998,4283.639545182139,3826.3719641190605,1.2284729187400682e8,1.1437611615246607e8
15.259313483,169.00575207199998,3842.2290121505766,3826.3719641190605,1.1942092917101988e8,1.1437611615246607e8
15.335935017,184.34168708899998,3833.89669654691,3826.3719641190605,1.1871382611038938e8,1.1437611615246607e8
15.384767533,199.72645462199998,4103.240337804899,3826.3719641190605,1.1349857967017922e8,1.1437611615246607e8
15.229667244,214.956121866,4270.99294516864,3826.3719641190605,1.2100090622121398e8,1.1437611615246607e8
15.959183117,230.915304983,3826.3719641190605,3826.3719641190605,1.1437611615246607e8,1.1437611615246607e8
15.421090263,246.336395246,3842.2290121505766,3826.3719641190605,1.1942092917101991e8,1.1437611615246607e8
15.296010934,261.63240618,4283.639545182139,3826.3719641190605,1.2284729187401049e8,1.1437611615246607e8
15.249370089,276.881776269,4103.240337804899,3826.3719641190605,1.1349857967017922e8,1.1437611615246607e8
15.496431865,292.378208134,4077.9941201935194,3826.3719641190605,1.1670491473582713e8,1.1437611615246607e8
15.108450891,307.486659025,4270.99294516864,3826.3719641190605,1.2100090622121331e8,1.1437611615246607e8
15.909787093,323.396446118,3829.6802449242728,3826.3719641190605,1.173217840393421e8,1.1437611615246607e8
15.062729228,338.459175346,4098.570980226514,3826.3719641190605,1.1160092530652924e8,1.1437611615246607e8
15.469977139,353.929152485,4077.9941201935194,3826.3719641190605,1.1670491473582631e8,1.1437611615246607e8
15.294145279,369.223297764,4077.9941201935194,3826.3719641190605,1.1670491473582713e8,1.1437611615246607e8
15.428665385,384.651963149,3833.8966965469103,3826.3719641190605,1.1871382611038946e8,1.1437611615246607e8
14.994689861,399.64665300999997,4098.570980226514,3826.3719641190605,1.1160092530652924e8,1.1437611615246607e8
15.8353081,415.48196111,3835.0267614993454,3826.3719641190605,1.1773292979060476e8,1.1437611615246607e8
15.083711547,430.565672657,4274.0028394357105,3826.3719641190605,1.2101567157995936e8,1.1437611615246607e8
15.65210693,446.217779587,3842.2290121505766,3826.3719641190605,1.1942092917101988e8,1.1437611615246607e8
15.564241862,461.782021449,3833.89669654691,3826.3719641190605,1.1871382611039105e8,1.1437611615246607e8
15.41452529,477.19654673900004,4103.240337804899,3826.3719641190605,1.1349857967017934e8,1.1437611615246607e8
16.866607482,494.06315422100005,3853.6849081709906,3826.3719641190605,1.149368620205103e8,1.1437611615246607e8
17.88162695,511.94478117100005,4286.7784779180365,3826.3719641190605,1.2276279807464486e8,1.1437611615246607e8
16.399582978,528.3443641490001,3856.9076277581944,3826.3719641190605,1.151891569664264e8,1.1437611615246607e8
16.573859615,544.918223764,3829.6802449242728,3826.3719641190605,1.1732178403934245e8,1.1437611615246607e8
16.071913507,560.990137271,3850.557339794241,3826.3719641190605,1.1656425689447609e8,1.1437611615246607e8
16.15792445,577.148061721,4286.821669188166,3826.3719641190605,1.2251035909534328e8,1.1437611615246607e8
15.570291717,592.718353438,4077.9941201935194,3826.3719641190605,1.1670491473582636e8,1.1437611615246607e8
15.673775496,608.392128934,3854.1537508799365,3826.3719641190605,1.1528104078586835e8,1.1437611615246607e8
17.225670605,625.617799539,3842.2290121505766,3826.3719641190605,1.1942092917101991e8,1.1437611615246607e8
17.211366572,642.829166111,4098.570980226514,3826.3719641190605,1.1160092530652924e8,1.1437611615246607e8
17.980441651,660.8096077619999,3842.2290121505766,3826.3719641190605,1.1942092917101996e8,1.1437611615246607e8
17.413552548,678.2231603099999,4103.353913061848,3826.3719641190605,1.1309075579657309e8,1.1437611615246607e8
17.764658113,695.9878184229999,3833.8966965469103,3826.3719641190605,1.1871382611039074e8,1.1437611615246607e8
18.521332541,714.5091509639999,4263.524208195983,3826.3719641190605,1.161481627814408e8,1.1437611615246607e8
18.303881159,732.8130321229999,4268.064612277086,3826.3719641190605,1.1656275681134392e8,1.1437611615246607e8
17.611769596,750.4248017189999,4103.353913061848,3826.3719641190605,1.1309075579657309e8,1.1437611615246607e8
17.613497526,768.0382992449998,4103.240337804899,3826.3719641190605,1.1349857967017922e8,1.1437611615246607e8
17.264863344,785.3031625889998,4106.252104011816,3826.3719641190605,1.134317048880712e8,1.1437611615246607e8
16.560226828,801.8633894169999,3853.6849081709906,3826.3719641190605,1.149368620205103e8,1.1437611615246607e8
17.168174555,819.0315639719998,4274.097014068516,3826.3719641190605,1.2149998412190637e8,1.1437611615246607e8
17.698229679,836.7297936509998,4283.639545182139,3826.3719641190605,1.2284729187400869e8,1.1437611615246607e8
16.912336819,853.6421304699998,3853.6849081709906,3826.3719641190605,1.149368620205103e8,1.1437611615246607e8
16.704973033,870.3471035029997,3853.6849081709906,3826.3719641190605,1.149368620205103e8,1.1437611615246607e8
19.307780026,889.6548835289998,3829.6802449242728,3826.3719641190605,1.1732178403934222e8,1.1437611615246607e8
18.706797524,908.3616810529998,3826.3719641190605,3826.3719641190605,1.1437611615246624e8,1.1437611615246607e8
18.37416881,926.7358498629998,3829.6802449242728,3826.3719641190605,1.1732178403934225e8,1.1437611615246607e8
17.323692217,944.0595420799998,4098.570980226514,3826.3719641190605,1.1160092530652924e8,1.1437611615246607e8
17.061610016,961.1211520959998,4098.570980226514,3826.3719641190605,1.1160092530652924e8,1.1437611615246607e8
17.475065329,978.5962174249998,4077.9941201935194,3826.3719641190605,1.1670491473582627e8,1.1437611615246607e8
16.717270791,995.3134882159999,3853.6849081709906,3826.3719641190605,1.149368620205103e8,1.1437611615246607e8
17.731751379,1013.0452395949999,4286.808420867274,3826.3719641190605,1.2238060477986547e8,1.1437611615246607e8
17.173953506,1030.219193101,4077.9941201935194,3826.3719641190605,1.1670491473582631e8,1.1437611615246607e8
17.156820923,1047.376014024,4103.353913061848,3826.3719641190605,1.1309075579657309e8,1.1437611615246607e8
18.111290486,1065.4873045099998,4077.9941201935194,3826.3719641190605,1.1670491473582631e8,1.1437611615246607e8
18.861258892,1084.3485634019999,4263.524208195983,3826.3719641190605,1.1614816278144139e8,1.1437611615246607e8
17.802863696,1102.1514270979999,3848.0061304577353,3826.3719641190605,1.1684524444668305e8,1.1437611615246607e8
17.941515176,1120.0929422739998,4098.570980226514,3826.3719641190605,1.1160092530652924e8,1.1437611615246607e8
17.314157935,1137.4071002089997,4098.570980226514,3826.3719641190605,1.1160092530652924e8,1.1437611615246607e8
18.08689587,1155.4939960789998,4283.639545182139,3826.3719641190605,1.2284729187401013e8,1.1437611615246607e8
18.762784921,1174.2567809999998,3826.3719641190605,3826.3719641190605,1.1437611615246585e8,1.1437611615246607e8
17.054127087,1191.310908087,3842.2290121505766,3826.3719641190605,1.1942092917101991e8,1.1437611615246607e8
17.429288709,1208.740196796,4283.639545182139,3826.3719641190605,1.2284729187400779e8,1.1437611615246607e8
17.493953108,1226.2341499039999,4077.9941201935194,3826.3719641190605,1.1670491473582722e8,1.1437611615246607e8
17.088559772,1243.322709676,4270.99294516864,3826.3719641190605,1.2100090622121403e8,1.1437611615246607e8
17.390270956,1260.712980632,4103.240337804899,3826.3719641190605,1.1349857967017934e8,1.1437611615246607e8
17.572156681,1278.285137313,4103.240337804899,3826.3719641190605,1.1349857967017925e8,1.1437611615246607e8
17.143429288,1295.428566601,4077.9941201935194,3826.3719641190605,1.1670491473582636e8,1.1437611615246607e8
16.527860929,1311.9564275300002,3853.6849081709906,3826.3719641190605,1.1493686202051018e8,1.1437611615246607e8
17.923145175,1329.879572705,3850.5573397942417,3826.3719641190605,1.1656425689447618e8,1.1437611615246607e8
17.592062101,1347.471634806,4098.570980226514,3826.3719641190605,1.1160092530652924e8,1.1437611615246607e8
17.400966389,1364.872601195,3853.1834786085055,3826.3719641190605,1.1655127328732495e8,1.1437611615246607e8
16.459516582,1381.3321177770001,3853.6849081709906,3826.3719641190605,1.149368620205103e8,1.1437611615246607e8
18.674930089,1400.0070478660002,3826.3719641190605,3826.3719641190605,1.1437611615246612e8,1.1437611615246607e8
16.27215884,1416.2792067060002,3853.6849081709906,3826.3719641190605,1.1493686202051018e8,1.1437611615246607e8
17.4799342,1433.759140906,4283.639545182139,3826.3719641190605,1.2284729187401098e8,1.1437611615246607e8
17.999043809,1451.758184715,3833.8966965469103,3826.3719641190605,1.1871382611039105e8,1.1437611615246607e8
17.364437085,1469.1226218,4077.9941201935194,3826.3719641190605,1.1670491473582636e8,1.1437611615246607e8
17.010284179,1486.132905979,4103.353913061848,3826.3719641190605,1.1309075579657309e8,1.1437611615246607e8
17.153954528,1503.286860507,4274.173951359408,3826.3719641190605,1.2194229568125391e8,1.1437611615246607e8
17.413372581,1520.700233088,3854.1537508799365,3826.3719641190605,1.152810407858675e8,1.1437611615246607e8
16.657860585,1537.358093673,3853.6849081709906,3826.3719641190605,1.149368620205103e8,1.1437611615246607e8
17.4786943,1554.836787973,3833.8966965469103,3826.3719641190605,1.187138261103907e8,1.1437611615246607e8
18.967811142,1573.804599115,3827.1803148296513,3826.3719641190605,1.1769030497266504e8,1.1437611615246607e8
17.194480694,1590.999079809,3854.1537508799365,3826.3719641190605,1.1528104078586839e8,1.1437611615246607e8
17.547920676,1608.5470004850001,3836.280642447491,3826.3719641190605,1.1873410281033474e8,1.1437611615246607e8
16.456774781,1625.003775266,3853.6849081709906,3826.3719641190605,1.1493686202051026e8,1.1437611615246607e8
18.686313253,1643.690088519,4077.9941201935194,3826.3719641190605,1.1670491473582636e8,1.1437611615246607e8
17.921538868,1661.611627387,3833.8966965469103,3826.3719641190605,1.1871382611039203e8,1.1437611615246607e8
16.225566069,1677.837193456,3853.6849081709906,3826.3719641190605,1.1493686202051018e8,1.1437611615246607e8
