Time,TimeCumulative,TrainObj,TrainBest,TestObj,TestBest
28.009509562,28.009509562,949.8471406425521,949.8471406425521,1.0406014363960125e6,1.0406014363960125e6
30.583481638,58.5929912,965.0573378136544,949.8471406425521,1.062424984479292e6,1.0406014363960125e6
38.626220624,97.219211824,969.5187984525223,949.8471406425521,1.0694482012463433e6,1.0406014363960125e6
42.757714009,139.976925833,961.4354725163015,949.8471406425521,1.0613150776261594e6,1.0406014363960125e6
38.759415549,178.736341382,921.8216196533455,921.8216196533455,998294.1093403838,998294.1093403838
38.421594603,217.157935985,920.3910261260488,920.3910261260488,999128.9356603371,999128.9356603371
42.899500393,260.057436378,921.9178244256296,920.3910261260488,1.0007270403632316e6,999128.9356603371
33.784610929,293.842047307,957.4226395138418,920.3910261260488,1.046751251025315e6,999128.9356603371
40.349982969,334.19203027599997,954.1092551151967,920.3910261260488,1.0417178001549015e6,999128.9356603371
44.544580287,378.736610563,955.3953441632924,920.3910261260488,1.044065655401345e6,999128.9356603371
38.572996461,417.309607024,963.9312413568933,920.3910261260488,1.0490835419622972e6,999128.9356603371
26.874139585,444.183746609,923.3696984517107,920.3910261260488,1.0008990524145714e6,999128.9356603371
39.420816361,483.60456297,924.2743569849637,920.3910261260488,1.0039460662740034e6,999128.9356603371
29.42688303,513.031446,955.3953441632924,920.3910261260488,1.044065655401345e6,999128.9356603371
27.204128282,540.235574282,956.3998566304278,920.3910261260488,1.0477238668522533e6,999128.9356603371
39.226005704,579.4615799860001,920.3910261260488,920.3910261260488,999128.9356603373,999128.9356603371
38.750578994,618.21215898,923.8584583349013,920.3910261260488,1.0049138575625021e6,999128.9356603371
37.718974911,655.9311338910001,962.6221828396642,920.3910261260488,1.0389120837991135e6,999128.9356603371
39.291121537,695.222255428,959.9093233473789,920.3910261260488,1.0555512593435769e6,999128.9356603371
35.740888928,730.963144356,926.8970663593532,920.3910261260488,1.0102124620653329e6,999128.9356603371
34.454170751,765.417315107,962.9695308885132,920.3910261260488,1.050185873382894e6,999128.9356603371
37.174865052,802.592180159,958.5565981387925,920.3910261260488,1.0433039661888853e6,999128.9356603371
42.776717369,845.368897528,926.5125121852569,920.3910261260488,1.0105350348497892e6,999128.9356603371
25.261688437,870.630585965,949.8736570040583,920.3910261260488,1.0359866862079483e6,999128.9356603371
33.048816502,903.679402467,963.9312413568933,920.3910261260488,1.0490835419622972e6,999128.9356603371
40.586348772,944.265751239,925.7769169187146,920.3910261260488,1.0005536765159327e6,999128.9356603371
41.699054503,985.964805742,954.2122491142278,920.3910261260488,1.0430343004007336e6,999128.9356603371
41.115880578,1027.08068632,925.9602240658697,920.3910261260488,999141.6544895481,999128.9356603371
34.611377803,1061.6920641230001,955.5487078546937,920.3910261260488,1.0517515117536543e6,999128.9356603371
24.909070378,1086.6011345010002,951.7627974436648,920.3910261260488,1.0410346771867088e6,999128.9356603371
25.942017333,1112.5431518340001,920.3910261260488,920.3910261260488,999128.9356603371,999128.9356603371
40.246860344,1152.790012178,955.5487078546937,920.3910261260488,1.0517515117536543e6,999128.9356603371
30.770212902,1183.56022508,969.9706848848566,920.3910261260488,1.0644435745292737e6,999128.9356603371
38.44504513,1222.00527021,960.4892176812376,920.3910261260488,1.042120205586969e6,999128.9356603371
38.229903149,1260.2351733589999,952.8771449236076,920.3910261260488,1.0472408412938599e6,999128.9356603371
40.398210378,1300.6333837369998,922.0924788509602,920.3910261260488,1.0026349675151798e6,999128.9356603371
36.475800605,1337.1091843419997,921.8216196533455,920.3910261260488,998294.1093403833,999128.9356603371
42.308011358,1379.4171956999996,923.8862912713648,920.3910261260488,1.0068537910573218e6,999128.9356603371
35.725104435,1415.1423001349997,922.2472076098892,920.3910261260488,999365.0156402544,999128.9356603371
34.949898812,1450.0921989469996,927.922521793252,920.3910261260488,1.0201332449319717e6,999128.9356603371
25.277890715,1475.3700896619996,952.275024517467,920.3910261260488,1.0446172388663022e6,999128.9356603371
36.806203235,1512.1762928969997,952.8771449236076,920.3910261260488,1.0472408412938599e6,999128.9356603371
35.05897235,1547.2352652469997,933.4579775964146,920.3910261260488,1.0259048995032109e6,999128.9356603371
23.967389933,1571.2026551799997,963.0395625199411,920.3910261260488,1.0534513201228397e6,999128.9356603371
24.250088785,1595.4527439649996,966.2925215312895,920.3910261260488,1.0583112826255956e6,999128.9356603371
41.918516684,1637.3712606489996,930.0671847837934,920.3910261260488,1.024182257852243e6,999128.9356603371
36.796534551,1674.1677951999995,949.8471406425521,920.3910261260488,1.0406014363960125e6,999128.9356603371
32.88470634,1707.0525015399996,926.512512185257,920.3910261260488,1.0105350348497888e6,999128.9356603371
41.000188839,1748.0526903789996,951.5676084203914,920.3910261260488,1.0324003812411887e6,999128.9356603371
28.522478756,1776.5751691349997,962.0243057654942,920.3910261260488,1.0464084808038855e6,999128.9356603371
42.118881294,1818.6940504289996,926.8574162270952,920.3910261260488,1.0122289710030694e6,999128.9356603371
27.570434721,1846.2644851499997,962.6161804686892,920.3910261260488,1.0523949182493428e6,999128.9356603371
42.713621398,1888.9781065479997,953.9647788672152,920.3910261260488,1.0377316212103216e6,999128.9356603371
37.479712315,1926.4578188629996,952.7566852774561,920.3910261260488,1.0435214764101682e6,999128.9356603371
32.279165765,1958.7369846279996,924.0380135880719,920.3910261260488,994902.1113597528,999128.9356603371
43.708095906,2002.4450805339995,925.7993821485679,920.3910261260488,1.0129408806377426e6,999128.9356603371
32.447271266,2034.8923517999995,920.376142783825,920.376142783825,995139.6892809228,995139.6892809228
40.480411561,2075.3727633609997,922.247207609889,920.376142783825,999365.0156402541,995139.6892809228
35.716074269,2111.0888376299995,932.5076016045452,920.376142783825,1.0244734190952717e6,995139.6892809228
30.341864776,2141.4307024059995,954.2122491142278,920.376142783825,1.0430343004007336e6,995139.6892809228
42.620356248,2184.0510586539995,931.2513589529891,920.376142783825,1.0149854458747332e6,995139.6892809228
34.805334869,2218.8563935229995,925.7993821485679,920.376142783825,1.0129408806377423e6,995139.6892809228
36.020561711,2254.8769552339995,928.1656649916137,920.376142783825,1.0161056481809469e6,995139.6892809228
41.647682123,2296.5246373569994,924.1655404454431,920.376142783825,994794.5796589399,995139.6892809228
26.585356714,2323.109994070999,952.275024517467,920.376142783825,1.0446172388663022e6,995139.6892809228
25.072426427,2348.1824204979994,956.074025914699,920.376142783825,1.0552879612222242e6,995139.6892809228
41.264367729,2389.446788226999,966.1283252565091,920.376142783825,1.0574313687646363e6,995139.6892809228
24.469802846,2413.9165910729994,968.4466872967919,920.376142783825,1.0641429900941462e6,995139.6892809228
22.843037131,2436.7596282039995,968.4466872967919,920.376142783825,1.0641429900941462e6,995139.6892809228
32.050035738,2468.8096639419996,952.8761726219068,920.376142783825,1.0462155965554013e6,995139.6892809228
32.547260547,2501.3569244889995,956.3998566304278,920.376142783825,1.0477238668522531e6,995139.6892809228
38.553432332,2539.9103568209994,967.3312464163902,920.376142783825,1.0623894753456155e6,995139.6892809228
36.896060656,2576.8064174769993,919.985489024617,919.985489024617,990921.9239031523,990921.9239031523
32.737655374,2609.5440728509993,933.4579775964146,919.985489024617,1.0259048995032109e6,990921.9239031523
41.782131757,2651.3262046079994,956.5332849112316,919.985489024617,1.0404489916048335e6,990921.9239031523
28.147922352,2679.4741269599995,924.1165358934563,919.985489024617,998645.0111870107,990921.9239031523
24.959932004,2704.4340589639996,938.1919520799203,919.985489024617,1.0245015714094766e6,990921.9239031523
38.498434168,2742.9324931319998,958.7436654129089,919.985489024617,1.0401264259983777e6,990921.9239031523
41.007977942,2783.9404710739996,919.985489024617,919.985489024617,990921.9239031521,990921.9239031523
26.08996867,2810.0304397439995,955.9754823287766,919.985489024617,1.04919725607183e6,990921.9239031523
31.91274432,2841.9431840639995,949.8471406425521,919.985489024617,1.0406014363960125e6,990921.9239031523
33.607644743,2875.5508288069996,949.8471406425521,919.985489024617,1.0406014363960125e6,990921.9239031523
37.661726484,2913.2125552909997,962.1996754279676,919.985489024617,1.062654770422475e6,990921.9239031523
38.474898358,2951.6874536489995,922.5784294938662,919.985489024617,995792.0170578335,990921.9239031523
35.958971622,2987.6464252709993,962.6813125065853,919.985489024617,1.0408468022758648e6,990921.9239031523
35.72457882,3023.371004090999,952.8761726219068,919.985489024617,1.0462155965554016e6,990921.9239031523
34.425256066,3057.7962601569993,920.3910261260488,919.985489024617,999128.9356603373,990921.9239031523
37.517512722,3095.3137728789993,956.559468540569,919.985489024617,1.0507844976087634e6,990921.9239031523
26.607396461,3121.9211693399993,958.5318127667646,919.985489024617,1.0537737593609383e6,990921.9239031523
39.823236327,3161.7444056669992,922.0924788509602,919.985489024617,1.0026349675151798e6,990921.9239031523
24.701721153,3186.4461268199993,925.1288786557755,919.985489024617,1.0020161869986802e6,990921.9239031523
39.991668834,3226.4377956539993,919.985489024617,919.985489024617,990921.9239031523,990921.9239031523
37.946940768,3264.384736421999,955.9754823287765,919.985489024617,1.04919725607183e6,990921.9239031523
36.10433029,3300.489066711999,920.376142783825,919.985489024617,995139.689280923,990921.9239031523
37.015368947,3337.504435658999,924.2743569849637,919.985489024617,1.0039460662740034e6,990921.9239031523
43.940788404,3381.445224062999,924.2743569849637,919.985489024617,1.0039460662740034e6,990921.9239031523
32.134816046,3413.580040108999,958.5565981387924,919.985489024617,1.0433039661888853e6,990921.9239031523
33.598050754,3447.178090862999,962.6161804686892,919.985489024617,1.0523949182493428e6,990921.9239031523
